9
Mercury
0.330
0.53
0.53
0.53
46.0
69.8
7.0
4879000
Venus
4.87
0.788
0.412
0.682
107.5
108.9
3.4
12104000
Earth
5.9724
0
1
0.3
147.1
152.1
0
12756000
Mars
0.642
0.7
0
0.2
206.6
249.2
1.9
6792000
Jupiter
1898
0.8786
0.1686
0.4196
740.5
816.6
1.3
142984000
Saturn
568
0.86
0.569
0.733
1352.6
1514.5
2.5
120536000
Uranus
86.8
0.647
0.98
0.953
2741.3
3003.6
0.8
51118000
Neptune
102
0.302
0.89
0.47843
4444.5
4545.7
1.8
49528000
Pluto
0.0146
0.93
0.886
0.886
4436.8
7375.9
17.2
2370000